1000
2811 -2652 2806 -2652
-4614 4913 -4611 4917
3493 4605 3496 4609
-1802 -2877 -1798 -2874
-1209 -3316 -1209 -3321
-1731 3209 -1734 3213
2150 4482 2153 4478
-436 -813 -431 -813
4811 -1923 4808 -1919
3494 61 3499 61
3016 -1637 3012 -1640
773 -264 776 -260
-2010 2610 -2014 2607
823 -1339 827 -1336
-3627 2210 -3631 2207
-2369 3757 -2369 3752
1233 3413 1229 3416
3478 -2350 3474 -2347
-3655 4313 -3652 4309
4419 -3263 4423 -3266
-1129 3885 -1125 3888
3952 126 3956 129
-1897 1330 -1893 1327
3756 3975 3759 3971
434 -3459 434 -3464
2924 -1735 2928 -1732
3197 4940 3193 4943
-415 -4471 -412 -4467
2546 2488 2551 2488
1320 3583 1316 3580
3017 -864 3014 -868
3293 -3221 3298 -3221
-1057 1517 -1060 1521
-4518 2811 -4513 2811
368 -1871 371 -1867
2941 4619 2937 4622
-1382 2830 -1378 2833
-4529 -602 -4525 -605
-815 4887 -815 4882
-4367 -726 -4364 -722
2089 -3612 2093 -3609
-3508 643 -3508 638
2359 291 2359 286
3003 1741 3003 1736
-4202 4880 -4202 4875
3447 445 3443 442
-2305 2926 -2305 2921
-175 -3144 -180 -3144
4625 -3677 4620 -3677
-1393 -2314 -1389 -2317
1999 -514 1995 -517
-4244 1985 -4244 1980
2535 -2714 2535 -2709
2418 233 2418 228
3278 -4187 3282 -4184
198 1339 194 1336
1350 -3265 1353 -3269
-2579 4565 -2582 4569
1076 -1448 1073 -1452
284 -4083 288 -4080
-2360 506 -2356 503
-4692 1030 -4697 1030
4931 -2557 4928 -2561
1993 -926 1989 -923
-2258 -3596 -2258 -3591
-2908 4724 -2912 4727
956 -1775 952 -1772
4389 -2291 4386 -2287
908 -75 905 -79
-3585 1991 -3581 1994
-3454 -3825 -3457 -3829
-3017 -917 -3013 -920
572 606 568 603
-4033 2556 -4036 2560
3210 267 3205 267
220 3259 216 3262
3747 -1010 3751 -1007
-2959 -2722 -2963 -2719
-2471 -2044 -2471 -2039
-903 1174 -907 1177
-1460 4235 -1456 4232
2208 1527 2205 1523
238 591 233 591
-103 -1679 -103 -1674
-199 2326 -195 2323
1115 4190 1119 4193
3432 -554 3432 -559
51 4074 48 4070
2891 4930 2891 4925
-584 2299 -588 2302
-4102 2385 -4099 2381
1133 -3375 1130 -3379
-4425 -1135 -4428 -1131
817 1284 821 1281
-3427 1142 -3422 1142
4966 3551 4963 3555
-1954 -3801 -1957 -3805
2257 856 2257 861
-3874 -763 -3874 -768
2865 -1994 2861 -1997
1062 4972 1065 4976
2204 -3496 2200 -3493
-3337 505 -3342 505
-2002 537 -2005 541
2223 544 2227 541
2086 -3369 2086 -3364
-437 -1739 -440 -1743
874 -3473 877 -3469
363 -2432 360 -2428
835 -4698 831 -4701
1430 -4917 1434 -4914
-2040 -742 -2037 -746
-1933 2586 -1930 2582
2572 627 2569 623
-1819 3222 -1824 3222
3413 -1394 3416 -1390
2318 -2745 2323 -2745
-2603 -1236 -2607 -1239
-2754 -4362 -2754 -4367
3949 -4646 3952 -4642
3268 2190 3268 2185
-4675 3547 -4675 3542
-2093 -2341 -2088 -2341
-3171 1137 -3174 1141
1128 1442 1131 1446
3328 1739 3328 1744
-251 -732 -255 -735
970 4006 966 4009
1192 -2409 1192 -2414
-4483 3913 -4486 3909
-754 -1989 -751 -1985
1190 -380 1194 -383
-3021 -2529 -3024 -2533
-3558 957 -3558 952
4469 2535 4466 2539
-4438 -1938 -4442 -1935
1504 -1482 1504 -1487
-2487 -3803 -2482 -3803
-2087 -3255 -2091 -3252
-4089 -3719 -4093 -3716
-3329 -4261 -3333 -4264
-3443 3160 -3447 3157
-2544 4591 -2547 4595
1421 -3841 1416 -3841
793 -683 796 -687
489 -1057 493 -1054
-4553 -4524 -4556 -4528
-4623 -1798 -4627 -1795
4237 2825 4234 2821
1117 3224 1112 3224
-4098 296 -4103 296
-4973 854 -4973 859
3194 2081 3190 2078
4063 2889 4066 2893
-154 -1905 -158 -1902
4569 -4559 4566 -4563
1573 4615 1569 4612
818 2285 822 2282
-1236 3353 -1233 3349
1266 -3260 1262 -3257
1020 -229 1017 -225
3915 -900 3919 -903
-3813 3894 -3809 3897
4687 -837 4682 -837
-938 -574 -938 -569
-4768 -4135 -4765 -4131
-2605 -576 -2610 -576
-938 -1420 -942 -1423
-4621 -659 -4621 -664
-2584 -2914 -2588 -2917
-2747 690 -2742 690
-1222 -243 -1218 -246
-3803 1132 -3798 1132
-1565 1994 -1561 1997
-3836 -738 -3840 -735
-3008 -575 -3011 -571
-3194 4867 -3194 4862
-748 2928 -751 2932
4155 -2051 4151 -2054
-2638 4970 -2641 4974
2208 2289 2212 2292
4628 -664 4632 -667
3081 1830 3081 1835
-1081 -1254 -1085 -1251
-4117 666 -4112 666
-2953 -2594 -2956 -2598
-3040 -85 -3045 -85
4050 -1976 4047 -1972
-3314 -2740 -3310 -2743
3766 -4683 3766 -4688
427 -2569 430 -2565
-386 551 -390 554
3866 4426 3863 4430
-3010 4122 -3013 4118
-4683 -1269 -4679 -1272
1177 -4254 1173 -4257
209 -4663 205 -4660
-2822 4248 -2819 4252
-4627 830 -4631 827
380 1515 376 1512
3310 329 3314 326
-540 -2374 -537 -2370
-923 -2435 -923 -2430
-4577 -3308 -4581 -3311
4965 3873 4968 3877
3197 -4554 3201 -4551
609 4380 614 4380
4681 -894 4677 -897
-1306 2175 -1310 2172
4651 1538 4651 1543
-1076 3736 -1072 3733
3439 -729 3436 -725
-4619 1398 -4615 1395
2784 1368 2781 1372
4966 1147 4970 1144
3760 -295 3756 -298
-2953 -3490 -2953 -3485
-1807 -3323 -1811 -3326
-3006 1839 -3002 1842
-2530 -130 -2535 -130
-1258 753 -1254 750
-4850 -4273 -4846 -4276
4043 -1965 4038 -1965
2272 -3263 2269 -3267
-1432 -4253 -1428 -4256
-3215 -816 -3218 -820
-2495 -3133 -2498 -3137
984 980 988 977
-4179 2208 -4176 2204
3383 1621 3383 1626
834 -1090 829 -1090
3903 -1209 3906 -1205
-2740 1295 -2745 1295
3812 -1352 3816 -1349
-2619 -2658 -2615 -2661
4293 -679 4288 -679
1503 -3411 1506 -3415
73 -339 73 -344
-3652 -2272 -3647 -2272
-3002 -2252 -3006 -2255
1546 -3319 1543 -3323
4976 -3772 4976 -3777
-3127 -1567 -3132 -1567
181 3966 185 3969
-4593 -1595 -4588 -1595
2939 -3912 2935 -3915
237 1655 234 1659
186 -3095 183 -3099
4899 677 4894 677
3917 2782 3913 2785
191 -4913 194 -4909
-473 4467 -476 4471
2517 -1027 2514 -1023
449 907 446 903
1420 4198 1420 4193
-1999 -902 -1995 -905
-3535 423 -3539 426
-2161 -3009 -2158 -3005
-3879 -4851 -3879 -4846
-3070 -1022 -3067 -1018
3799 -461 3795 -464
-2550 -3996 -2554 -3993
-1289 -1676 -1289 -1671
-3485 4833 -3490 4833
1692 4555 1697 4555
3137 3482 3142 3482
-1343 2491 -1340 2495
-3665 2382 -3662 2386
-3166 4406 -3162 4409
791 3279 787 3282
1438 -411 1434 -414
-1046 403 -1043 407
2948 -3675 2944 -3678
1019 953 1024 953
-2377 136 -2380 132
-3340 4418 -3340 4413
-3563 4061 -3567 4064
4946 2763 4942 2760
76 -737 79 -741
1330 -3981 1333 -3985
152 -3268 148 -3271
3134 302 3139 302
-705 3380 -701 3377
-2584 -2199 -2589 -2199
-4715 -1704 -4718 -1700
-2358 749 -2363 749
-3136 -2547 -3136 -2542
-1939 3933 -1936 3929
1395 -2356 1392 -2360
-2806 2748 -2809 2752
-2967 2921 -2963 2924
4336 -3651 4333 -3655
4543 -667 4543 -672
-4516 -2086 -4519 -2090
-3566 -3772 -3569 -3768
-2399 -3437 -2394 -3437
3569 4922 3574 4922
2601 -2042 2604 -2046
1901 -2016 1897 -2013
4997 3111 4997 3116
4484 4953 4488 4956
-421 -2556 -417 -2559
-3563 2747 -3560 2751
-1942 4617 -1942 4622
2989 1546 2993 1549
-3928 2168 -3933 2168
3290 -560 3293 -564
4449 -1513 4445 -1510
-4880 1619 -4884 1622
1158 3161 1155 3157
-1834 2379 -1831 2375
2828 -4779 2831 -4783
-3982 740 -3979 744
-2738 -3683 -2738 -3678
-449 2939 -445 2936
836 -1642 836 -1647
-3176 -2402 -3180 -2399
-2793 -2353 -2796 -2349
-2819 1834 -2823 1831
-3788 40 -3792 37
-305 -901 -310 -901
4391 4161 4394 4157
-1388 2031 -1391 2027
1025 2206 1022 2202
953 -3909 956 -3913
-3912 367 -3916 370
3935 2283 3938 2287
-955 3406 -955 3411
2354 -289 2354 -294
-129 406 -126 402
-1395 1290 -1392 1294
-3775 1243 -3778 1239
479 -1644 475 -1641
3165 -4202 3169 -4199
4399 2484 4395 2487
4320 441 4324 438
4257 -4718 4257 -4713
-4076 -1171 -4072 -1174
-1504 -559 -1508 -562
-2381 -3465 -2385 -3468
608 -3171 608 -3176
-3571 1550 -3571 1555
687 1911 692 1911
2814 -4814 2817 -4810
-1788 1264 -1793 1264
215 406 210 406
-1297 2485 -1292 2485
1985 -2875 1989 -2872
-593 -1743 -593 -1738
2122 -3507 2126 -3504
1678 3874 1673 3874
-1288 -1282 -1292 -1279
203 -1022 207 -1019
1472 1434 1467 1434
1725 -3178 1729 -3181
-2681 -1840 -2681 -1845
-1570 -3183 -1574 -3186
365 -1117 365 -1112
3646 -1356 3646 -1361
-4768 -2715 -4768 -2710
10 -1263 7 -1259
-4888 1656 -4888 1661
2765 2380 2761 2383
-1533 -984 -1538 -984
3344 -2759 3347 -2763
779 4484 783 4487
883 -3416 883 -3411
249 423 252 419
1839 2975 1835 2978
-1132 2390 -1135 2394
359 -4265 364 -4265
2743 1422 2748 1422
4550 -2055 4553 -2051
-1887 4696 -1883 4699
-3679 1267 -3684 1267
1924 -914 1929 -914
4946 -630 4950 -633
-1590 4650 -1590 4655
-3005 3238 -3000 3238
-4442 -2413 -4439 -2417
-2190 4151 -2194 4148
-2133 4680 -2133 4685
2162 2605 2167 2605
4323 3766 4327 3763
4256 3969 4259 3965
2976 -2728 2971 -2728
-258 4142 -258 4137
-3959 -1679 -3959 -1684
4875 1011 4878 1007
1919 1477 1922 1481
499 -28 503 -25
3047 2625 3052 2625
999 4313 1002 4317
990 -4961 993 -4965
875 3726 872 3730
2671 1165 2671 1170
4104 -3264 4101 -3260
4149 2144 4145 2147
3944 -4669 3944 -4674
856 -388 851 -388
3324 2562 3329 2562
-4307 -3193 -4303 -3196
-1502 -3583 -1499 -3579
-1106 -1489 -1109 -1493
1096 -4282 1093 -4286
-3938 1869 -3938 1874
-3750 -3644 -3753 -3640
3291 2596 3287 2593
-3069 -1379 -3064 -1379
763 3629 760 3633
-2830 -1081 -2830 -1076
-1247 -4268 -1252 -4268
-691 1654 -695 1651
2419 2099 2419 2104
2939 -438 2935 -435
4303 1483 4308 1483
-4306 3263 -4311 3263
-4055 -3120 -4050 -3120
-1468 3336 -1472 3333
2513 -697 2516 -701
686 676 691 676
-3147 -1331 -3143 -1328
1925 3424 1921 3421
1875 -3651 1880 -3651
2285 1255 2288 1259
2672 -3616 2668 -3613
1928 298 1931 302
2283 4927 2279 4924
-3714 4468 -3714 4473
-2497 -79 -2494 -83
4140 1506 4136 1509
3649 -4443 3654 -4443
-1201 4485 -1197 4482
-309 -1466 -306 -1462
-4968 2083 -4972 2080
-2357 -4337 -2357 -4342
-3102 3400 -3105 3396
2632 4834 2636 4831
4156 -4415 4160 -4412
2551 3889 2547 3892
-2617 -4918 -2620 -4922
-1310 4423 -1307 4419
4474 -4251 4471 -4247
1269 45 1273 42
3679 -354 3682 -358
-3743 1144 -3739 1141
817 -1223 817 -1218
2412 668 2409 664
854 -1452 859 -1452
-79 -2035 -79 -2040
-3535 -3751 -3530 -3751
4557 215 4554 219
-1234 313 -1237 317
3771 3475 3767 3472
-2144 -1342 -2141 -1346
3601 -2120 3605 -2123
3330 -3123 3330 -3118
-2177 4021 -2177 4026
-2581 -434 -2585 -437
3251 38 3247 41
-4087 564 -4083 567
-2431 1458 -2427 1461
4526 394 4530 391
-1360 -1694 -1364 -1691
853 1681 853 1686
-3346 -3473 -3349 -3477
4581 -4170 4585 -4173
3062 3238 3065 3234
1106 -3257 1109 -3261
2674 -2140 2670 -2143
-3780 -136 -3785 -136
-2162 3640 -2162 3645
2013 -2682 2017 -2685
-3893 -3388 -3890 -3392
-3349 2448 -3345 2445
-4699 1514 -4696 1518
3195 -498 3195 -503
2360 -3292 2356 -3289
-4899 -3217 -4899 -3212
4911 2619 4911 2624
-1427 4015 -1431 4018
-3057 730 -3061 727
4409 -2772 4409 -2777
2495 2669 2499 2666
4514 -3075 4511 -3079
3776 1413 3779 1417
724 -2168 720 -2171
2608 -856 2603 -856
-3902 993 -3905 989
-3390 -1219 -3393 -1223
1341 1501 1336 1501
4022 -1265 4026 -1268
1512 -2350 1508 -2353
3578 2897 3573 2897
660 -223 664 -220
-1663 409 -1666 413
4573 -409 4573 -404
4872 2240 4867 2240
4263 3252 4266 3256
1725 4099 1721 4096
-4630 3999 -4627 3995
3543 -2285 3547 -2282
1124 2599 1120 2602
-212 -4978 -209 -4974
-966 -3607 -966 -3602
-570 2275 -565 2275
3943 237 3948 237
-4453 3623 -4458 3623
2633 -4900 2630 -4896
-3795 -3817 -3792 -3821
-2401 2615 -2405 2612
559 1135 555 1138
190 -3647 187 -3643
1554 -2120 1549 -2120
-4266 3117 -4261 3117
-850 776 -853 780
-4169 13 -4166 9
473 501 473 496
-4540 -4395 -4536 -4392
-4217 4563 -4213 4560
-4950 -4082 -4947 -4086
1698 3994 1695 3998
190 -1425 194 -1422
-4457 -4246 -4461 -4243
4107 854 4110 850
-2744 2880 -2749 2880
598 -60 602 -57
-2250 -3086 -2253 -3082
-2454 -3846 -2458 -3843
-4865 -371 -4862 -375
3697 2445 3693 2448
2703 3606 2708 3606
3840 -4080 3843 -4084
-4907 3665 -4907 3670
50 -301 50 -296
1534 3710 1534 3715
-841 -4128 -841 -4123
-2425 -4006 -2422 -4002
-903 2837 -900 2833
-795 2360 -800 2360
-732 2817 -735 2813
-4227 -540 -4222 -540
2617 -2196 2613 -2193
616 2516 619 2512
-457 4751 -457 4756
793 4622 796 4618
-3691 3263 -3687 3260
-156 1148 -156 1143
3117 1580 3117 1585
-37 1256 -41 1259
-505 -865 -509 -868
2510 1062 2506 1059
-2849 -3534 -2853 -3537
-1746 -4510 -1743 -4506
2959 -4243 2955 -4246
1261 -1669 1261 -1674
-2774 -2198 -2769 -2198
2832 2551 2829 2547
4897 3664 4893 3667
4390 -4631 4386 -4628
-138 1809 -142 1806
736 -4851 740 -4848
-4996 4005 -4996 4010
-2432 -379 -2435 -375
3167 -4242 3170 -4238
-325 -2521 -330 -2521
-3322 -427 -3325 -423
-1288 -2124 -1285 -2120
-4399 1818 -4399 1813
1958 4849 1961 4853
-2645 -3531 -2641 -3534
-4029 -3789 -4026 -3793
2875 1529 2875 1534
1540 -1066 1535 -1066
-3039 -3616 -3043 -3613
-1159 -4441 -1163 -4444
2968 899 2968 904
4203 -1341 4203 -1336
4502 -489 4502 -484
2399 2897 2395 2894
-727 -3873 -724 -3869
852 -3304 848 -3307
2762 -1920 2759 -1924
4673 -1936 4673 -1931
1863 -48 1866 -52
3943 1598 3943 1603
1142 518 1142 513
-2875 -3798 -2875 -3803
-3108 -1378 -3111 -1382
-2965 -4449 -2960 -4449
-3386 -3766 -3389 -3770
-1734 -4175 -1734 -4180
4107 -504 4110 -508
-2535 -2245 -2532 -2241
2802 1028 2805 1032
393 2505 398 2505
2501 -735 2498 -731
2145 3424 2145 3429
-2808 3129 -2813 3129
-543 -1806 -546 -1810
4073 2797 4076 2793
-3505 -1582 -3510 -1582
-3538 -147 -3534 -144
-1956 -3838 -1959 -3842
-4269 2613 -4272 2609
-3513 -503 -3518 -503
-61 4889 -58 4893
1494 1564 1497 1568
-695 -1015 -698 -1011
3824 197 3820 194
1184 -3793 1181 -3797
-2863 -2368 -2866 -2364
-302 656 -306 659
4241 2338 4241 2333
-2308 4599 -2311 4603
-3342 -2507 -3346 -2510
1149 -3811 1152 -3815
-1068 3149 -1064 3152
-1266 2830 -1270 2833
1581 1605 1576 1605
1631 -4060 1627 -4063
-906 -1976 -906 -1981
1304 -4568 1304 -4573
1887 829 1891 826
-4630 4655 -4635 4655
3613 -1098 3616 -1102
4209 -891 4206 -887
-2250 -4880 -2250 -4885
3493 4692 3490 4696
-144 -1732 -141 -1728
271 3775 267 3772
4403 -2160 4403 -2165
2788 -128 2792 -131
-2398 -1217 -2403 -1217
-3338 4210 -3341 4214
120 -4300 117 -4296
2610 -53 2613 -57
-3910 -1459 -3913 -1455
3357 2351 3361 2348
-2665 4330 -2660 4330
-108 -4299 -104 -4296
4197 1941 4201 1938
-278 198 -278 203
-3118 -533 -3115 -537
2294 4670 2297 4666
3736 -3800 3741 -3800
-783 3348 -788 3348
-4651 3773 -4647 3770
-529 -2506 -526 -2502
-4114 3473 -4114 3478
2228 -4838 2228 -4843
-4424 -726 -4428 -729
2468 4884 2468 4879
737 -1388 737 -1383
-2974 1542 -2970 1539
263 -4569 259 -4566
1239 -4776 1243 -4773
-29 2545 -32 2549
-1154 -3656 -1154 -3661
-1288 2827 -1292 2824
292 2793 296 2796
2661 1278 2657 1281
-2901 -2582 -2897 -2585
-3316 2485 -3319 2481
2459 -3391 2455 -3394
4195 524 4199 527
699 3261 702 3257
-604 810 -604 815
787 -93 790 -97
-1671 -4042 -1675 -4039
1521 304 1521 299
-2375 155 -2370 155
-1435 234 -1432 238
2363 -903 2359 -906
-4013 827 -4017 830
-3046 -4989 -3049 -4985
-2540 170 -2537 166
-4561 -1200 -4564 -1196
4768 1488 4764 1485
130 3827 125 3827
3793 -1321 3789 -1318
-29 -1601 -29 -1606
619 2486 623 2489
2557 -3553 2552 -3553
2930 3080 2925 3080
-3808 -1543 -3808 -1538
4335 -2654 4331 -2651
905 -2821 902 -2817
1801 1644 1798 1648
-170 -4861 -170 -4856
-1168 3330 -1163 3330
4850 3487 4850 3482
-450 -3182 -446 -3179
2913 4221 2916 4225
1357 2468 1362 2468
1937 305 1941 302
-3702 -928 -3702 -933
-2310 720 -2307 724
3817 3225 3820 3229
-4430 -20 -4430 -15
39 1371 42 1375
3682 4142 3682 4137
1239 2781 1235 2784
-3878 -2162 -3875 -2158
1663 4275 1659 4278
-2137 -632 -2134 -628
-1652 -58 -1655 -62
-4824 3377 -4819 3377
-1902 1658 -1905 1654
-2045 3154 -2041 3157
4278 -1325 4278 -1320
2888 -2920 2892 -2917
3577 -2940 3577 -2945
-1145 -3741 -1149 -3744
-4599 2272 -4594 2272
-1527 2860 -1530 2864
-960 655 -960 660
2188 1203 2185 1199
-3712 -1871 -3708 -1868
3822 -3877 3825 -3881
-355 -3147 -359 -3144
-1018 -4361 -1015 -4357
-1215 3160 -1215 3155
237 -2538 237 -2543
417 2520 417 2515
-4533 1366 -4529 1363
-774 -167 -778 -164
-1705 1973 -1705 1978
18 -4176 13 -4176
2003 -1049 2006 -1045
3761 2825 3766 2825
839 4195 835 4198
2640 -4285 2636 -4282
-4872 -2015 -4875 -2011
1816 -3685 1811 -3685
-914 -1321 -911 -1325
-1976 2013 -1973 2017
2739 2961 2734 2961
-2327 1887 -2324 1883
1870 -3824 1867 -3828
-394 -3863 -390 -3860
2385 4782 2390 4782
176 -2931 176 -2926
-1995 -4544 -2000 -4544
787 2451 787 2456
2702 -2117 2699 -2113
568 4491 563 4491
1770 749 1773 753
-674 237 -670 234
-2046 2991 -2049 2987
-1559 1673 -1562 1669
1524 4810 1520 4813
-142 -3708 -146 -3711
-4283 -4499 -4280 -4495
-4176 1432 -4173 1428
1445 -2388 1448 -2384
4543 -1850 4548 -1850
-2324 -520 -2327 -516
-613 2920 -613 2925
-3606 662 -3606 657
1833 -2068 1836 -2064
3550 -2702 3545 -2702
774 3281 770 3284
-100 -3058 -95 -3058
3366 -3184 3361 -3184
-1854 4879 -1857 4883
-4940 -60 -4937 -56
-4723 -3525 -4726 -3529
-1014 137 -1018 134
1531 2580 1528 2576
-2668 3509 -2664 3506
-140 -2481 -135 -2481
-113 3107 -110 3111
2335 1699 2335 1694
-2603 1327 -2606 1323
2368 3378 2371 3374
-114 -2834 -119 -2834
4178 -3401 4173 -3401
2614 1614 2611 1610
3395 4850 3391 4853
4811 -3048 4807 -3045
-4783 2464 -4786 2460
-1148 -1739 -1153 -1739
-980 -1710 -983 -1714
28 -2101 25 -2097
826 -1321 822 -1318
-430 -3759 -435 -3759
-2454 -700 -2451 -696
-3921 4461 -3917 4458
-608 -2169 -612 -2172
3024 -2362 3021 -2366
-633 2047 -637 2044
2456 -1042 2452 -1039
1247 341 1252 341
-2398 -1687 -2401 -1691
-49 4207 -53 4204
-508 1051 -513 1051
713 4717 708 4717
-4723 -4812 -4723 -4817
-4045 -2474 -4049 -2471
-1614 -2163 -1618 -2166
1279 3431 1283 3434
3193 4154 3190 4158
4466 4017 4466 4022
-660 4572 -655 4572
3907 4425 3904 4421
3370 -1393 3375 -1393
-4639 -2230 -4643 -2233
-2165 -3980 -2162 -3976
-1550 -1761 -1545 -1761
533 -1390 536 -1394
-3204 2401 -3204 2396
-978 -1573 -973 -1573
-1793 765 -1797 768
-1923 677 -1920 673
3820 4112 3816 4109
243 2114 238 2114
-2400 1628 -2403 1632
2140 -1818 2140 -1813
113 386 117 383
1674 4705 1674 4700
2971 -1814 2971 -1819
3817 2395 3817 2400
2851 4302 2848 4306
-4902 4969 -4898 4972
-3490 -4840 -3493 -4844
-513 4142 -510 4146
689 4477 693 4474
794 -2702 797 -2706
3308 -108 3304 -111
-726 -3907 -730 -3910
4880 631 4884 634
2563 -3198 2568 -3198
1527 3218 1527 3223
3627 -4334 3623 -4337
3512 4781 3508 4778
866 -4968 870 -4965
-4295 -4024 -4291 -4021
-1973 -1432 -1976 -1436
-1131 -1944 -1131 -1939
4099 -3673 4096 -3669
3184 1132 3188 1135
-4180 2952 -4180 2947
-2080 3136 -2077 3140
-2016 4789 -2019 4793
3652 1537 3655 1533
-828 4204 -832 4207
-4066 2324 -4070 2327
3091 1877 3094 1881
1830 3304 1827 3300
-1846 352 -1846 347
3218 1232 3222 1229
480 4633 480 4638
3265 4812 3261 4815
-2053 -1901 -2057 -1904
4979 -1900 4979 -1905
-4526 4527 -4526 4532
3256 1335 3256 1330
4174 -510 4177 -514
4311 -1263 4315 -1260
-453 -3068 -453 -3063
-1090 -4704 -1094 -4707
-3643 -812 -3647 -815
-1689 -2912 -1686 -2908
354 1222 358 1225
4313 2147 4318 2147
-498 2392 -502 2389
-2681 1424 -2678 1420
-135 1491 -132 1495
-1167 1870 -1172 1870
3801 3368 3798 3364
-2724 -3841 -2720 -3844
639 -2097 642 -2093
-1455 -3892 -1452 -3888
2469 4610 2473 4613
-4786 -707 -4789 -711
222 -1335 227 -1335
781 922 785 925
-2305 -3375 -2302 -3371
-2128 -4524 -2132 -4527
3660 2627 3657 2623
1808 -4838 1804 -4835
4732 -1655 4736 -1658
3434 4699 3437 4695
4147 2497 4151 2500
-2373 4478 -2376 4482
4097 -1841 4094 -1845
-3614 -3385 -3611 -3389
1795 -1303 1792 -1299
-2101 946 -2097 943
1907 -4425 1902 -4425
-4486 475 -4489 479
527 3832 522 3832
2997 -1678 3001 -1681
-1666 3506 -1663 3502
-4991 696 -4987 699
3098 -2214 3102 -2211
4180 2922 4175 2922
4187 1177 4187 1182
-1290 -1944 -1293 -1948
4237 3449 4241 3452
-3106 124 -3103 120
-4377 -2335 -4372 -2335
-2533 -3495 -2538 -3495
1920 3060 1923 3064
-2800 -3501 -2800 -3506
-3027 -3946 -3024 -3942
-375 -4392 -372 -4396
-3238 -4817 -3235 -4813
1322 -2438 1317 -2438
1702 -1776 1705 -1772
4644 -1384 4647 -1388
-463 2303 -468 2303
-1676 1156 -1673 1152
1492 259 1497 259
-169 -3851 -172 -3855
-3175 -950 -3180 -950
-4088 -3549 -4093 -3549
3449 -1517 3452 -1521
207 -4479 210 -4483
4775 1045 4779 1042
-643 -1427 -643 -1432
-4569 -3880 -4573 -3883
1496 -4324 1493 -4320
1008 4374 1011 4370
3548 -1137 3553 -1137
-490 580 -495 580
-3768 -2245 -3765 -2249
4631 -4316 4634 -4320
-1832 749 -1828 752
3552 1367 3557 1367
3008 1289 3005 1293
4383 2909 4386 2913
-4009 1257 -4012 1261
924 -1383 928 -1380
-1173 -3985 -1177 -3988
4903 -3386 4907 -3383
4314 -1868 4318 -1871
-1673 2255 -1676 2259
4602 -683 4602 -678
1129 1968 1134 1968
-497 2601 -492 2601
1749 1783 1753 1780
3759 -708 3764 -708
812 1345 808 1348
4669 -2258 4669 -2253
554 -3313 551 -3309
3983 3443 3980 3439
-4836 -2457 -4839 -2461
473 2498 477 2501
-317 -2522 -321 -2519
2078 2992 2075 2996
-2373 -2366 -2369 -2369
-955 1296 -959 1299
-11 -2655 -15 -2652
1953 2827 1950 2823
767 -2566 763 -2569
1042 -690 1042 -695
-3308 4444 -3308 4449
-4259 -2938 -4259 -2933
1293 -3395 1293 -3390
-4182 3333 -4182 3338
-4035 4809 -4038 4813
-1967 234 -1963 237
3203 4373 3206 4369
4729 -1715 4729 -1710
-363 -4117 -367 -4114
3241 4115 3238 4111
-948 -4121 -945 -4125
-2445 -660 -2448 -664
-1975 684 -1971 687
-3910 157 -3906 154
-652 -852 -648 -849
2053 -320 2050 -316
893 2585 897 2588
-4773 -2445 -4777 -2442
70 2692 66 2689
-3365 3875 -3369 3878
-3464 727 -3467 723
-37 -3058 -40 -3054
-1685 3728 -1682 3732
-3837 -3113 -3840 -3117
-1019 -3946 -1019 -3941
132 -298 137 -298
-3936 -2972 -3939 -2968
879 -1305 883 -1302
3325 -2029 3329 -2032
-916 2914 -920 2911
2078 4391 2073 4391
-1544 4557 -1541 4561
-812 1631 -812 1626
-204 -83 -200 -86
1921 4739 1917 4742
-828 879 -823 879
2296 -4154 2299 -4150
4109 -3498 4105 -3501
-3902 4843 -3902 4838
4210 -3273 4213 -3269
4192 1621 4196 1618
-4906 2728 -4909 2724
-3495 -3597 -3495 -3592
2950 -1119 2950 -1124
-2954 3459 -2954 3454
3097 4812 3102 4812
610 508 607 512
-1800 -1327 -1800 -1322
856 2630 853 2634
-4189 -49 -4184 -49
692 -4427 696 -4424
-3836 1281 -3833 1277
4498 -19 4501 -15
1064 993 1067 997
-1754 -4883 -1749 -4883
-3627 3683 -3624 3687
4550 -2750 4546 -2753
1383 -4802 1388 -4802
2183 349 2183 344
857 962 860 958
2083 -739 2078 -739
-1989 -969 -1989 -964
4391 -2001 4395 -1998
-764 1792 -761 1788
3539 -1674 3536 -1678
3816 2715 3816 2710
930 -3727 925 -3727
4448 -2948 4443 -2948
-2764 -3245 -2760 -3248
-3172 -2093 -3176 -2096
-1154 -1062 -1154 -1067
-906 1564 -903 1568
-4504 -2490 -4504 -2495
4401 -1502 4401 -1507
-1386 -2473 -1382 -2470
2413 -1042 2409 -1045
2401 2967 2397 2970
-2006 4542 -2001 4542
2203 1672 2199 1675
-2125 -341 -2121 -338
-2831 1816 -2827 1813
-1417 -700 -1417 -705
-3232 -2438 -3232 -2433
1409 2000 1414 2000
3159 4075 3164 4075
2698 -577 2703 -577
3969 4522 3969 4527
247 -3541 252 -3541
2501 4242 2501 4237
-919 -1752 -924 -1752
4906 -277 4906 -272
2400 3027 2403 3031
-3652 2557 -3649 2553
-4029 2225 -4033 2222
693 1012 696 1008
-3249 1690 -3253 1693
757 4400 762 4400
-985 470 -981 467
-1357 -2130 -1361 -2127
3782 -3952 3779 -3956
-1808 -2188 -1804 -2185
-196 -2562 -199 -2566
4089 496 4084 496
-3081 50 -3081 55
4651 -864 4655 -861
-4970 -1275 -4970 -1270
-2176 -2992 -2171 -2992
4507 -2144 4503 -2147
2424 -3210 2424 -3205
-3724 -8 -3720 -11
-836 -1217 -836 -1212
2404 -3169 2409 -3169
-1531 3159 -1535 3156
422 -981 426 -978
4646 3907 4646 3912
-2792 3651 -2796 3654
-1586 4616 -1583 4620
681 880 684 876
2338 -1237 2343 -1237
101 3548 96 3548
-3808 -336 -3803 -336
-1740 -3760 -1745 -3760
1786 -2267 1783 -2263
1326 2667 1329 2671
-711 -4789 -715 -4792
4647 2785 4651 2782
-424 1031 -421 1035
-4722 3559 -4722 3564
-373 957 -368 957
4517 -227 4520 -231
525 665 528 661
-3767 3794 -3771 3791
63 1921 66 1925
-731 -4295 -735 -4298
4504 4512 4500 4509
4693 -2304 4690 -2300
-3476 -920 -3480 -917
1189 -867 1192 -863
-1129 -1472 -1125 -1469
4359 1209 4364 1209
-4242 -1859 -4245 -1863
-1771 2578 -1775 2581
-3457 -2916 -3462 -2916
-274 -116 -277 -120
-1290 -3563 -1293 -3559
-578 -413 -574 -416
-314 1415 -310 1418
4312 -6 4309 -2
-469 -2059 -474 -2059
919 4905 922 4901
-971 -3791 -975 -3794
-500 2770 -503 2766
205 -3583 209 -3580
2640 -2222 2637 -2218
-1190 4309 -1186 4306
4011 1766 4006 1766
800 -3313 796 -3316
-4428 -1623 -4425 -1627
-2662 -449 -2665 -445
4006 3347 4006 3342
-4647 4023 -4651 4026
-334 -2649 -337 -2645
3188 -2287 3191 -2283
3804 300 3804 305
3367 1671 3364 1667
2382 -1501 2382 -1496
-2987 -4396 -2987 -4401
-2769 -1424 -2766 -1420
-3054 -3508 -3057 -3504
-2154 4577 -2159 4577
-1008 -1730 -1012 -1733
-404 -2848 -399 -2848
3544 2733 3547 2729
-3367 -3783 -3371 -3786
1889 4320 1886 4316
282 1017 285 1021
4347 3923 4344 3919
-3819 3982 -3823 3985
-251 -608 -247 -611
-4026 -2711 -4031 -2711
-1723 2888 -1727 2891
1821 3540 1817 3543
2214 -2272 2209 -2272
4506 4450 4509 4446
1618 -99 1615 -95
-1557 3966 -1562 3966
4463 1885 4466 1881
-668 4711 -665 4715
3272 -1052 3277 -1052
2778 -833 2782 -836
2779 564 2776 560
4624 -501 4620 -504
-4360 2123 -4360 2128
-3693 2432 -3688 2432
-4258 4570 -4258 4575
995 -1926 998 -1930
1122 2150 1117 2150
-1199 4111 -1203 4108
1042 893 1039 897
1848 -739 1845 -743
4246 3022 4243 3018
2474 2410 2470 2413
-2077 4913 -2077 4918
345 -3681 342 -3677
-575 -1221 -578 -1225
-3226 -2675 -3226 -2680
-4750 735 -4746 732
-2990 4927 -2990 4922
4336 393 4341 393
3792 -2317 3796 -2314
-4803 -355 -4798 -355
-2054 4296 -2054 4291
-1081 795 -1081 800
4295 1326 4299 1329
2567 -3309 2563 -3312
3686 1409 3683 1405
12 -1984 17 -1984
4388 -1592 4385 -1596
-268 -4608 -272 -4605
-1334 -1615 -1338 -1612
1599 -3544 1603 -3547
2799 -2179 2803 -2176
-2802 567 -2805 563
1322 2965 1317 2965
695 -3717 691 -3720
-1212 -3254 -1208 -3251
-201 -705 -197 -702
4810 2127 4814 2130
-1156 945 -1153 941
683 3331 687 3328
-1487 -3 -1487 -8
-1643 -1176 -1638 -1176
-746 2822 -749 2826
-4958 2486 -4958 2491
-2099 -360 -2096 -364
-766 1846 -763 1842
-455 -3009 -451 -3012
-3566 4816 -3571 4816
-824 -927 -829 -927
-4650 -1189 -4646 -1192
132 3123 132 3128
-2147 -1333 -2151 -1336
-1109 -3519 -1109 -3514
-1522 2273 -1525 2277
-1774 -4500 -1771 -4504
1750 -4697 1753 -4701
3262 -1034 3266 -1037
-1897 -1031 -1894 -1035
-2533 1162 -2533 1157
1697 -2794 1701 -2791
-1898 2260 -1893 2260
-4109 2173 -4112 2169
3172 -3824 3176 -3821
4668 -496 4664 -499
4392 -1448 4388 -1445
789 -2809 792 -2813
3220 27 3224 24
3952 4521 3955 4517
-529 2443 -525 2446
4749 -31 4745 -34
4552 -1856 4556 -1859
2688 -550 2684 -553
3851 -4965 3847 -4968
-927 -1163 -931 -1166
-4699 2541 -4702 2537
-1978 -2842 -1981 -2846
3662 -3866 3659 -3862
1388 -632 1383 -632
2545 583 2549 580
-4104 109 -4108 106
-1286 4579 -1283 4575
3241 2365 3237 2368
-4311 1888 -4315 1891
-3542 -2585 -3537 -2585
-3807 -3295 -3810 -3291
-1675 4982 -1679 4979
-4535 3341 -4531 3344
94 -4987 91 -4991
-26 2923 -26 2918
1322 4953 1317 4953
-1437 2241 -1442 2241
4090 -1035 4090 -1040
-4438 2423 -4441 2427
-2618 -2039 -2621 -2043
-2115 -2432 -2112 -2428
-81 1884 -78 1880
662 -3987 665 -3991
2215 -1876 2218 -1880
-1577 -618 -1572 -618
1147 2485 1150 2481
1368 -2929 1364 -2932
2815 1610 2810 1610
-1236 -3664 -1240 -3661
1972 -1740 1968 -1737
3979 627 3983 624
-1189 3373 -1185 3376
-1784 1329 -1781 1333
-3617 1280 -3621 1277
2442 574 2439 578
4436 -2982 4439 -2986
-431 -4733 -427 -4736
-2056 -2883 -2053 -2879
1415 4995 1415 4990
1124 -2211 1124 -2206
-2537 -1036 -2533 -1039
204 -3097 201 -3093
4964 -374 4959 -374
736 -1318 736 -1313
2403 3156 2400 3160
-2266 2496 -2261 2496
875 -570 878 -574
-592 -317 -587 -317
380 -3348 376 -3345
-2212 4788 -2216 4791
596 -1688 591 -1688
2017 132 2013 135
-1870 2597 -1870 2602
2584 -4874 2580 -4871
4806 -3054 4802 -3051
-2711 4212 -2707 4215
4007 2872 4010 2868
2218 -132 2223 -132
4603 -1265 4599 -1268
3510 -442 3513 -438
4495 609 4495 614
-1804 -1948 -1808 -1945
-1678 3892 -1675 3888
4885 -997 4881 -1000
-3669 838 -3673 835
-2402 2204 -2399 2208
3977 1643 3977 1648
-1497 -4568 -1500 -4564
4258 -743 4255 -747
-2140 2259 -2144 2262
-2674 568 -2674 573
1936 -222 1936 -227
4409 -875 4409 -870
2185 2611 2185 2616
-4435 -2952 -4432 -2948
1465 2132 1468 2136
3308 -3717 3313 -3717
-4420 2294 -4425 2294
-3361 1856 -3361 1851
924 -4019 927 -4023
2499 2296 2502 2292
1512 -1722 1512 -1727
4191 4857 4188 4853
1174 -4428 1177 -4424
-1201 -4274 -1204 -4278
-803 1896 -807 1899
-1878 -2156 -1875 -2160
200 -3598 196 -3601
179 1523 174 1523
1510 -1604 1507 -1600
785 -4507 789 -4510
3836 -1175 3841 -1175
-2734 -1451 -2738 -1448
3516 -383 3519 -387
-1198 4448 -1198 4443
-2890 4799 -2890 4804
474 -4783 478 -4786
1636 -214 1636 -219
504 523 508 520
-3783 -2256 -3779 -2259
2755 3265 2759 3268
3428 4449 3432 4446
-1003 4040 -1008 4040
1119 -4470 1116 -4466
-2018 -352 -2021 -348
-2001 2517 -2005 2520
857 3280 861 3283
-1237 -3408 -1241 -3411
4948 -3441 4948 -3446
-2961 1448 -2957 1445
442 -3928 439 -3932
-3064 -831 -3061 -835
-3001 -427 -3005 -424
-3518 -4461 -3515 -4465
-166 -508 -166 -503
-1272 3666 -1275 3670
-2715 3916 -2711 3913
-1209 -2640 -1204 -2640
4410 -2299 4413 -2303
-2362 -1860 -2366 -1857
-358 -1139 -363 -1139
-4131 2300 -4128 2304
4028 -2099 4033 -2099
3295 -3081 3298 -3085
-4908 245 -4911 249
2591 -3755 2595 -3752
-155 4415 -160 4415
-2200 2335 -2204 2338
3975 1117 3970 1117
968 -3622 972 -3619
-3241 895 -3245 892
2705 -410 2701 -413
3704 503 3701 507
4931 -4897 4926 -4897
1477 655 1482 655
-3389 4742 -3389 4737
2137 307 2140 311
-4260 -2900 -4263 -2904
-3798 -4872 -3794 -4875
3383 -4177 3387 -4180
-3410 322 -3410 317
-1980 -502 -1985 -502
-2045 445 -2041 442
1007 -2929 1011 -2926
-1540 1383 -1536 1386
-3581 -4826 -3577 -4829
3511 2147 3516 2147
1057 -3703 1054 -3707
3481 -3369 3484 -3373
2900 -816 2896 -813
-31 -1989 -35 -1992
-1207 -4624 -1202 -4624
-2398 910 -2403 910
4641 -1693 4641 -1688
941 -985 941 -980
3888 3851 3888 3846
-1508 -1715 -1511 -1719
2579 3728 2584 3728
-1627 -1588 -1623 -1591
1769 -4318 1773 -4321
2666 -2312 2669 -2316
566 -3167 571 -3167
-21 -1059 -25 -1056
-4406 -897 -4403 -901
-1755 -3314 -1751 -3317
-4847 -1862 -4847 -1857
2314 -1841 2310 -1844
-1149 -388 -1145 -385
3329 3378 3332 3382
-3995 -661 -3999 -658
-538 1898 -534 1901
-1425 -3917 -1425 -3922
2 -3589 6 -3586
-3070 -1514 -3075 -1514
-2646 -4154 -2641 -4154
-798 7 -793 7
3963 3128 3967 3125
-2456 -1712 -2461 -1712
3708 -4746 3712 -4749
-2963 -2148 -2960 -2144
-221 -4165 -225 -4162
-4445 -2466 -4450 -2466
3596 2769 3591 2769
-4646 -3446 -4641 -3446
1765 -3803 1760 -3803
-328 -4354 -325 -4350
637 4393 633 4390
118 2130 123 2130
482 -2243 485 -2239
3138 356 3134 353
3810 3558 3813 3562
-3668 1413 -3672 1410
4876 -3419 4872 -3422
-2101 -1495 -2104 -1499
-101 3342 -98 3346
-4989 -3080 -4986 -3076
23 26 20 30
-624 -30 -629 -30
1556 -3205 1556 -3200
780 4837 776 4834
513 3636 516 3632
1888 4711 1892 4708
997 -4603 1000 -4607
93 -3867 98 -3867
-549 -3837 -549 -3832
4678 2953 4675 2949
-689 -4358 -686 -4362
86 800 91 800
3087 2707 3083 2710
-1422 -1517 -1425 -1513
1411 3745 1414 3749
-1953 -4786 -1948 -4786
1073 -4011 1078 -4011
3292 -4924 3295 -4920
-3409 -1531 -3409 -1526
1510 2624 1513 2628
2334 -4254 2334 -4259
-4694 -3954 -4694 -3949
4726 2090 4730 2087
-1014 -3234 -1010 -3231
-3419 -3751 -3414 -3751
-3573 -3078 -3568 -3078
-1919 -527 -1919 -532
1303 -1400 1300 -1404
1435 1946 1438 1942
2938 1249 2933 1249
-1244 -4719 -1248 -4722
3582 -3826 3578 -3823
-4820 1235 -4820 1230
-4616 -486 -4619 -490
1754 -693 1754 -688
-2164 -2387 -2164 -2392
-4856 -1642 -4851 -1642
-1014 1195 -1010 1198
3668 -68 3671 -72
-3812 -2768 -3808 -2771
1705 3416 1709 3419
4672 -61 4672 -66
-2999 -4295 -3002 -4291
4724 4773 4729 4773
-2087 520 -2083 523
740 1863 735 1863
107 -4949 107 -4944
-2038 -2231 -2038 -2236
4753 4057 4756 4061
-4858 -3024 -4862 -3027
2754 4104 2750 4101
3951 -2968 3951 -2973
2016 3083 2013 3079
-1609 3734 -1612 3730
-2679 2664 -2683 2661
-5 -4731 -2 -4735
4807 3848 4802 3848
-2896 -3285 -2896 -3290
-4391 -1725 -4394 -1721
-1003 -1186 -1006 -1190
-4327 433 -4323 430
-1846 -2584 -1842 -2581
1287 -1562 1287 -1567
-3565 2500 -3562 2496
2358 3527 2362 3530
3460 -1814 3457 -1818
-2044 939 -2039 939
-2041 -2361 -2044 -2357
1178 -2683 1178 -2688
-4606 -730 -4609 -734
2838 2309 2842 2312
-2388 3141 -2385 3137
-3969 4508 -3974 4508
2821 -1013 2825 -1016
-3902 4401 -3898 4398
-3322 -252 -3318 -249
3021 -531 3025 -534
-2247 -2968 -2247 -2963
-4218 -896 -4215 -900
3159 -2599 3163 -2596
714 -499 711 -503
2639 900 2639 905
-1618 1170 -1621 1166
1867 -4274 1872 -4274
-3985 4234 -3981 4231
-1728 -4560 -1724 -4557
-4969 -829 -4965 -826
-4853 -2352 -4856 -2348
-4324 3142 -4327 3146
2327 -4474 2324 -4478
3318 4583 3321 4579
4229 -3870 4232 -3866
3420 1193 3420 1198
-1482 1862 -1485 1866
4728 -1005 4732 -1002
1197 4034 1193 4031
2699 2615 2703 2612
-3614 -96 -3619 -96
-2290 -564 -2290 -559
1589 -2888 1586 -2884
-4931 2790 -4935 2793
1709 1914 1713 1917
-3633 1835 -3637 1832
-2384 118 -2389 118
4198 -1723 4195 -1727
-2468 2136 -2473 2136
4775 2602 4778 2606
2015 -3953 2010 -3953
-4509 4953 -4504 4953
-4164 -4908 -4160 -4905
-3078 -1663 -3073 -1663
2517 -1506 2521 -1509
1347 4285 1342 4285
-184 -2985 -187 -2989
2274 3659 2278 3656
-3054 -2848 -3054 -2853
2037 -2277 2033 -2274
-3206 392 -3206 397
-3030 -2833 -3033 -2829
-1057 -3587 -1054 -3591
2207 -780 2204 -776
1754 1648 1751 1644
632 -4482 627 -4482
4312 -2883 4315 -2879
3007 -4123 3004 -4127
1501 1938 1496 1938
-1185 -4365 -1181 -4362
-2006 1409 -2009 1413
-153 -3289 -149 -3292
-552 1082 -556 1079
1065 -4958 1068 -4954
1664 729 1669 729
-4227 -448 -4230 -452
1025 4606 1022 4602
4617 316 4621 313
1954 -3076 1954 -3081
472 -3939 472 -3934
-286 3927 -283 3931
3707 3675 3710 3671
-702 -3508 -698 -3511
4902 4874 4902 4869
3711 -352 3714 -356
4514 -2321 4517 -2325
-2589 -2065 -2593 -2068
1545 2872 1549 2875
3207 -2015 3211 -2018
-4270 -1933 -4265 -1933
3378 2258 3378 2253
286 4577 281 4577
-1697 319 -1701 322
4747 4710 4750 4714
-1615 -3425 -1611 -3428
-84 -331 -88 -334
-2457 -4130 -2452 -4130
-525 697 -525 692
-939 850 -936 846
-4737 -1366 -4734 -1362
-2928 -2500 -2925 -2504
-4216 -462 -4219 -466
-546 -2239 -541 -2239
-56 -3472 -52 -3475
426 636 423 640
571 500 574 496
3625 -4314 3628 -4318
4744 4879 4747 4883
-1062 -4675 -1058 -4672
450 2060 447 2056
-1124 4819 -1124 4814
1621 1697 1624 1693
2775 1403 2775 1398
-3933 3490 -3928 3490
-408 -3595 -403 -3595
3335 -370 3335 -375
2597 -3197 2592 -3197
2045 4564 2049 4561
1718 -4893 1713 -4893
-1299 2223 -1296 2219
1844 -1022 1848 -1019
2548 3387 2545 3383
-2147 4491 -2144 4495
3468 -1680 3464 -1683
-355 -551 -355 -556
2474 2356 2479 2356
2976 -4358 2976 -4353
-3178 4578 -3183 4578
4352 1484 4356 1487
4270 2240 4273 2244
791 -1100 788 -1104
3519 -3885 3524 -3885
-2296 900 -2292 903
372 4387 376 4384
703 -1276 700 -1280
1632 -4720 1632 -4715
-394 -16 -398 -19
1276 1055 1279 1051
-4589 1682 -4592 1678
-4062 -1455 -4059 -1451
3545 4548 3540 4548
-775 3872 -778 3868
-864 -2438 -859 -2438
-3087 1524 -3091 1527
2623 4103 2619 4106
-2472 416 -2467 416
-3538 3610 -3533 3610
-4629 2123 -4624 2123
-3784 -4839 -3787 -4835
-4501 -1078 -4496 -1078
1816 1896 1812 1899
2708 1803 2705 1799
-2739 -2341 -2739 -2346
-973 1114 -969 1117
-440 -201 -443 -197
-3213 4978 -3213 4983
165 4510 169 4507
-3237 3162 -3237 3167
4717 3625 4722 3625
3443 -3467 3439 -3470
-659 4281 -656 4277
1941 4767 1944 4763
4316 -4660 4313 -4656
3604 -2529 3601 -2533
-1634 -3009 -1631 -3005
-185 -3637 -185 -3632
-631 2434 -635 2431
-3945 -1321 -3941 -1318
-231 3040 -235 3043
729 4452 732 4448
-2538 914 -2542 917
-4191 2826 -4188 2822
-4560 -4746 -4556 -4749
-1194 -4939 -1191 -4935
-4016 1413 -4012 1416
-1884 4380 -1884 4385
-2334 4069 -2339 4069
-3735 -4677 -3739 -4674
-4029 -1573 -4025 -1570
-1912 -2246 -1916 -2249
789 -4175 793 -4178
3365 3185 3369 3182
-3419 2685 -3422 2689
-4043 3574 -4047 3571
3492 4194 3488 4197
3966 -4759 3966 -4764
188 -3371 193 -3371
-2050 3076 -2054 3073
1710 4731 1710 4726
-3274 2684 -3271 2680
-1890 3034 -1894 3037
2794 623 2797 619
2166 2552 2169 2556
1913 -4604 1916 -4608
-3049 -3259 -3046 -3263
3849 4351 3854 4351
-3471 3128 -3468 3132
3850 4147 3854 4150
-4422 -475 -4427 -475
-3146 4937 -3149 4941
-3801 -3780 -3798 -3776
-1021 933 -1017 930
2716 -1921 2712 -1918
3313 2497 3316 2493
-2279 2923 -2275 2920
-448 -2569 -452 -2572
-4827 -4869 -4823 -4872
-504 1602 -501 1598
-1187 -4158 -1191 -4161
2952 1579 2956 1576
-3315 3680 -3310 3680
1068 4421 1072 4418
-4965 2399 -4961 2396
-3373 2286 -3369 2283
-2610 4360 -2614 4363
3342 1999 3346 1996
-2932 1249 -2929 1253
-1337 2263 -1333 2266
3928 -4072 3932 -4075
-2840 3640 -2840 3635
-1375 1842 -1378 1846
3972 -1021 3972 -1026
157 -1123 162 -1123
395 4436 395 4441
4987 -2913 4984 -2909
-3892 3746 -3892 3741
-1491 2176 -1491 2181
-4917 906 -4913 903
2164 -836 2159 -836
4712 -1079 4708 -1076
1957 3131 1960 3135
172 4769 175 4765
-3320 -1558 -3324 -1555
-1426 3244 -1429 3248
-3387 374 -3383 377
-95 4835 -91 4838
-4019 -4468 -4016 -4464
4326 -4710 4321 -4710
4954 -23 4951 -27
-2178 -2972 -2173 -2972
-528 -3537 -532 -3540
762 -4947 762 -4952
-333 4691 -336 4695
-3610 2527 -3614 2524
177 985 172 985
-1227 3655 -1232 3655
-1879 -3694 -1876 -3690
2254 4040 2258 4043
-2976 3991 -2971 3991
-3082 1174 -3079 1178
-2532 1143 -2535 1147
-2877 195 -2877 200
-2245 69 -2240 69
2614 2604 2617 2608
361 -1334 357 -1337
4263 -1940 4263 -1935
2461 1179 2461 1174
-1048 1937 -1044 1940
1306 3218 1310 3221
638 3787 641 3783
-2258 -2547 -2255 -2551
-2862 4368 -2862 4373
3633 -1113 3630 -1117
4653 1386 4653 1381
1494 1120 1497 1116
4563 -3372 4559 -3375
-2907 -2504 -2910 -2500
-460 -386 -465 -386
-1683 3559 -1686 3555
-1511 -4556 -1507 -4559
-3920 -290 -3917 -294
2361 -3004 2356 -3004
-4449 -4527 -4452 -4531
-4630 4115 -4627 4119
-1518 -719 -1521 -715
-1366 4971 -1371 4971
-66 189 -66 184
-4211 -2776 -4215 -2773
-4850 407 -4853 411
2588 -838 2593 -838
4892 85 4888 82
-4970 3467 -4965 3467
-2 -1778 -6 -1781
3044 -1233 3041 -1237
-1554 -3858 -1557 -3854
-737 -3385 -737 -3390
723 2409 723 2414
4916 4082 4912 4085
1746 617 1746 622
-2633 4587 -2630 4583
156 3938 160 3941
-3658 2144 -3654 2147
-1767 2847 -1762 2847
-1635 -3333 -1630 -3333
-1766 4929 -1770 4932
1437 502 1432 502
3425 -1829 3421 -1832
4496 -1170 4493 -1166
4595 1643 4600 1643
-1327 -891 -1331 -888
-4675 -16 -4680 -16
-98 -2799 -94 -2802
1803 591 1808 591
4881 344 4884 340
-4543 4913 -4539 4916
4948 -366 4945 -370
-805 -2226 -808 -2222
4881 -2846 4884 -2850
527 1112 523 1115
-3839 -4575 -3842 -4579
-2646 1048 -2642 1045
-3265 -674 -3265 -679
4707 -303 4704 -299
1796 3139 1801 3139
3207 -4388 3204 -4384
2628 -2120 2632 -2117
2545 -711 2548 -707
3030 -3432 3030 -3427
-4256 2616 -4253 2620
-4630 -2410 -4633 -2414
2501 3693 2501 3688
777 -1183 774 -1179
2373 908 2376 912
526 -2372 522 -2375
1109 2700 1109 2705
-1872 4503 -1869 4507
-4114 1891 -4110 1894
4169 330 4169 325
-2244 -3989 -2239 -3989
-1580 94 -1583 90
2059 -2488 2055 -2485
-3740 -1903 -3744 -1906
101 285 98 289
-1074 2366 -1070 2363
-2125 1378 -2121 1381
-351 -1590 -351 -1585
101 -677 96 -677
172 4979 176 4982
370 2991 373 2987
4710 -3025 4714 -3028
677 -2641 680 -2637
875 3189 872 3193
-3889 -4885 -3884 -4885
-413 -1005 -418 -1005
3000 -4507 2996 -4504
-1484 -3319 -1484 -3324
1285 4259 1282 4263
-3920 -1439 -3924 -1442
4396 1238 4392 1235
-4473 522 -4476 518
2428 4298 2432 4295
1144 -3827 1148 -3824
-3116 1198 -3120 1195
1107 4244 1110 4240
-2227 3202 -2232 3202
4020 4388 4020 4393
-3661 -3133 -3657 -3136
-1335 -946 -1335 -951
-784 2908 -788 2911
-1010 1582 -1014 1585
2270 3555 2265 3555
-1114 3164 -1111 3160
4924 2300 4928 2303
3754 3852 3751 3848
-1761 2441 -1761 2436
-1576 -4754 -1580 -4757
2546 3331 2543 3335
3433 -4968 3430 -4972
2888 -4255 2891 -4259
4214 -3982 4210 -3985
3072 255 3068 252
202 4836 197 4836
1605 -4967 1609 -4970
3418 -2051 3423 -2051
-4704 1990 -4704 1995
-1462 -4867 -1458 -4870
-1194 2640 -1190 2637
-1011 3089 -1008 3093
921 -2387 924 -2391
-3895 4334 -3895 4329
846 -3781 850 -3784
865 -969 862 -965
276 4964 272 4967
255 -82 259 -85
-446 -3577 -443 -3573
2780 2988 2784 2991
-1332 2392 -1337 2392
154 -925 150 -922
-3606 -2300 -3606 -2305
4710 4005 4707 4001
3352 3614 3347 3614
4544 -2529 4544 -2534
-2749 2220 -2745 2223
941 3284 938 3288
1129 -4295 1132 -4299
-4888 -3850 -4888 -3855
-2164 -3071 -2164 -3076
3755 2649 3758 2645
-3429 211 -3424 211
-4499 -3453 -4494 -3453
-271 3721 -268 3725
2748 1122 2744 1125
865 -2613 868 -2617
-4064 3637 -4067 3641
-2969 2738 -2966 2742
-224 -365 -227 -361
1288 3561 1285 3565
3480 -2798 3480 -2803
3657 -1197 3657 -1192
-486 3857 -490 3860
1305 1618 1305 1623
-2091 1225 -2088 1229
1239 960 1242 956
-4345 -4847 -4348 -4851
1290 4623 1286 4620
3220 1414 3225 1414
-2332 -4841 -2332 -4836
2719 -331 2723 -328
-126 2548 -121 2548
4759 839 4754 839
-3754 53 -3759 53
3502 -4465 3498 -4462
-4081 2144 -4081 2139
1972 3711 1976 3714
-4519 -4078 -4523 -4081
2135 -1802 2139 -1805
1114 -76 1110 -79
-3212 -2734 -3212 -2729
-512 -3271 -517 -3271
2781 3880 2781 3875
3199 -1722 3203 -1725
-2381 1794 -2385 1797
-970 -4710 -967 -4714
3949 1160 3953 1163
-187 4711 -187 4706
-1007 -1222 -1010 -1226
3176 1578 3176 1583
-1565 680 -1568 684
2963 4210 2966 4214
-3195 -2835 -3190 -2835
1587 4148 1591 4151
-1111 2978 -1111 2973
4126 4724 4129 4728
-804 -2240 -800 -2243
-2577 4688 -2573 4691
-992 4445 -996 4442
-29 -4214 -32 -4218
3058 -4253 3063 -4253
884 -4303 888 -4306
350 1406 354 1403
-1295 245 -1295 240
-3836 1332 -3840 1335
3365 1279 3362 1283
4776 2327 4771 2327
-2955 -866 -2955 -871
4918 -1487 4922 -1484
2244 1077 2239 1077
2516 -1850 2511 -1850
-2181 -347 -2185 -350
-2263 1976 -2263 1971
-3710 -2681 -3715 -2681
-4135 746 -4131 743
-1816 -3710 -1812 -3713
4056 2111 4051 2111
1701 4994 1696 4994
-1510 -500 -1514 -497
-1519 -4951 -1515 -4954
-1047 -1840 -1043 -1843
-1239 -4845 -1234 -4845
382 -3985 382 -3980
1697 823 1702 823
3406 -515 3410 -512
-872 1341 -876 1344
-1586 -3053 -1582 -3056
3574 -2123 3569 -2123
171 4964 175 4967
3742 -866 3742 -871
2537 4963 2541 4966
3323 3462 3320 3466
-4714 506 -4710 509
1361 -1172 1358 -1168
-2405 -2184 -2401 -2181
4976 4554 4979 4558
-4801 4703 -4797 4706
-2279 1233 -2279 1228
767 -4438 767 -4443
-643 -2283 -646 -2279
-477 2592 -477 2587
-4678 -3399 -4678 -3394
4634 -4115 4630 -4112
-3318 2091 -3322 2094
-585 -2445 -580 -2445
3838 -3323 3834 -3320
-4134 -2446 -4134 -2451
-222 -4493 -219 -4489
1579 1335 1583 1332
1149 -126 1154 -126
-455 2011 -459 2008
-2067 3722 -2070 3726
-2104 2183 -2108 2180
-4993 -427 -4998 -427
-897 3071 -901 3074
1369 2785 1365 2788
676 1126 672 1129
-4685 -4451 -4688 -4447
1886 4759 1886 4754
-3662 4524 -3662 4529
3540 -3638 3543 -3634
-2958 -1475 -2958 -1470
351 -2737 347 -2734
846 -4839 846 -4834
-2079 -4221 -2083 -4224
3757 -2158 3762 -2158
-1121 1021 -1121 1026
1001 -2953 996 -2953
-4806 -2397 -4803 -2401
1786 2267 1782 2270
-3786 -1077 -3789 -1073
-2018 3529 -2021 3525
4431 -840 4431 -835
-5000 3910 -5000 3905
3536 -3354 3539 -3350
-4356 -3065 -4353 -3069
-4224 3778 -4220 3781
227 -4717 224 -4713