840
-2 0 -2 1
1 8 1 7
8 3 9 3
-3 10 -2 10
1 2 0 2
-1 2 -2 2
10 8 11 8
-5 15 -5 14
12 15 11 15
2 13 3 13
-1 3 0 3
10 1 10 0
-4 9 -4 8
14 3 13 3
13 5 13 6
7 9 7 8
12 9 12 10
1 5 0 5
-1 -4 0 -4
13 -3 12 -3
10 14 10 13
6 10 6 11
14 -1 13 -1
0 10 0 11
10 11 10 12
-2 13 -3 13
15 10 15 11
-5 -1 -4 -1
-1 9 0 9
7 6 8 6
12 12 12 13
12 1 12 2
8 11 8 12
-4 0 -5 0
9 12 9 13
7 3 6 3
6 -2 7 -2
-3 -1 -3 0
3 8 4 8
-4 -3 -3 -3
2 2 1 2
12 3 12 2
0 6 0 5
6 12 7 12
12 11 12 12
12 -3 11 -3
6 5 6 6
15 9 15 8
-3 5 -2 5
7 0 6 0
10 -1 11 -1
8 7 8 6
4 4 4 5
13 1 13 0
-4 1 -4 2
4 3 5 3
11 3 12 3
2 13 2 12
13 -4 12 -4
-3 4 -3 3
-1 8 -1 9
15 1 15 2
6 11 6 12
5 14 5 15
-4 2 -3 2
11 -2 10 -2
12 5 12 6
4 11 4 12
-3 8 -3 9
12 -5 12 -4
9 4 9 3
-2 1 -1 1
-4 1 -5 1
8 4 8 3
5 9 5 8
8 6 8 5
7 -4 8 -4
6 -3 6 -2
10 -1 10 0
15 13 14 13
11 3 10 3
15 8 14 8
12 11 13 11
0 1 0 0
13 8 12 8
14 -1 14 0
1 9 0 9
-1 -3 -1 -4
-5 6 -5 5
-5 -3 -4 -3
2 5 2 6
8 -5 8 -4
7 4 6 4
2 -1 2 0
5 7 6 7
13 2 13 1
7 5 7 6
14 2 14 1
1 4 1 3
14 7 13 7
12 11 12 10
10 5 9 5
14 -4 13 -4
-2 11 -1 11
14 3 15 3
-5 10 -5 9
-3 6 -2 6
-1 1 -1 0
5 -4 4 -4
0 -1 0 -2
-3 10 -3 11
0 3 0 2
-2 13 -2 14
12 4 13 4
4 -2 5 -2
10 2 10 3
-4 -5 -3 -5
11 9 12 9
3 2 3 1
-3 5 -3 4
8 8 8 7
-5 3 -5 4
15 7 14 7
7 -5 6 -5
11 7 12 7
13 5 12 5
4 4 5 4
8 -5 9 -5
-1 13 -1 14
12 14 13 14
-3 12 -3 13
15 12 15 13
14 2 13 2
14 14 13 14
5 12 6 12
-3 -2 -2 -2
9 1 9 2
1 9 1 10
-4 11 -5 11
-3 1 -4 1
-1 5 0 5
10 11 11 11
10 14 9 14
13 15 13 14
10 4 10 3
15 5 15 4
6 -3 6 -4
8 -5 7 -5
9 2 10 2
2 0 2 1
-1 8 -2 8
8 14 8 15
0 1 1 1
6 13 7 13
14 14 14 13
-5 14 -5 13
15 5 14 5
15 -1 14 -1
2 13 2 14
13 -1 13 -2
-5 7 -5 8
4 -3 4 -4
-3 4 -4 4
-3 -5 -3 -4
4 10 4 11
-4 4 -4 3
-3 12 -3 11
11 4 11 5
-3 12 -2 12
14 11 15 11
12 -3 12 -2
3 0 3 1
8 1 7 1
4 2 4 3
-2 2 -2 3
11 7 11 8
-3 14 -4 14
5 -3 5 -2
3 11 3 10
-4 -5 -4 -4
-2 5 -2 6
11 6 11 7
4 0 4 -1
11 15 11 14
1 1 2 1
-1 -4 -2 -4
15 7 15 6
6 12 6 13
-1 15 -1 14
8 0 8 1
-1 -5 0 -5
8 12 9 12
9 14 9 15
-2 6 -2 7
15 9 14 9
4 12 4 13
4 15 3 15
-1 -1 -1 -2
9 12 9 11
3 0 3 -1
7 -3 7 -4
4 0 4 1
7 -1 7 -2
11 1 11 0
2 -4 3 -4
-4 4 -4 5
-1 -1 0 -1
2 -5 3 -5
-3 9 -2 9
-2 -3 -2 -2
9 2 8 2
8 -4 8 -3
0 10 -1 10
14 -2 14 -1
2 1 3 1
9 5 8 5
-2 -2 -1 -2
-4 15 -4 14
15 4 15 3
10 -2 10 -3
2 6 1 6
2 -4 1 -4
10 -3 9 -3
5 10 5 11
-1 15 -2 15
15 14 15 13
2 11 2 10
1 10 0 10
13 12 12 12
-3 -3 -3 -2
7 10 6 10
1 11 2 11
-1 -1 -1 0
11 8 12 8
12 -4 11 -4
8 -3 7 -3
10 1 9 1
2 0 1 0
5 0 4 0
9 -3 8 -3
9 7 8 7
3 6 4 6
10 0 11 0
2 -4 2 -5
-2 13 -1 13
10 4 11 4
0 -3 0 -2
12 0 12 -1
-3 12 -4 12
6 4 6 3
6 2 6 3
1 -3 1 -4
-3 0 -2 0
3 -2 4 -2
8 12 7 12
7 11 8 11
9 8 8 8
11 14 12 14
3 7 3 6
0 14 0 13
-4 6 -4 5
-1 6 -1 5
-5 0 -5 1
7 3 8 3
-2 0 -2 -1
6 5 5 5
-4 13 -5 13
4 10 5 10
5 9 4 9
-2 -4 -2 -5
1 0 0 0
14 -2 14 -3
4 5 5 5
9 13 9 14
0 10 0 9
0 4 1 4
11 -2 11 -1
0 14 1 14
-5 6 -5 7
7 6 6 6
-1 12 -1 13
12 -2 12 -1
11 5 12 5
4 13 3 13
-5 -3 -5 -4
-4 -1 -4 -2
12 4 11 4
2 5 2 4
15 2 14 2
-2 15 -2 14
0 -3 0 -4
15 2 15 3
7 8 8 8
-4 11 -3 11
-5 -4 -5 -5
-1 5 -2 5
5 6 5 7
11 12 12 12
6 0 6 1
10 -3 11 -3
13 -3 13 -2
-1 1 -1 2
2 7 1 7
7 4 7 5
10 6 11 6
5 8 6 8
4 1 4 2
10 10 11 10
6 -5 6 -4
4 -3 5 -3
-4 3 -4 2
7 0 7 1
3 -5 3 -4
4 4 3 4
12 1 11 1
12 7 13 7
14 11 14 10
4 6 5 6
6 -4 5 -4
0 11 1 11
13 12 14 12
11 2 11 3
-5 -1 -5 -2
-3 8 -3 7
10 15 10 14
-3 9 -4 9
7 -1 7 0
9 9 8 9
10 5 10 4
13 8 13 7
12 10 13 10
4 -4 4 -5
9 8 9 9
12 1 13 1
-5 15 -4 15
0 2 -1 2
11 2 12 2
7 2 6 2
3 7 2 7
12 3 12 4
7 -1 8 -1
10 -5 11 -5
-2 14 -1 14
3 2 3 3
8 -2 8 -3
2 4 1 4
12 14 12 13
1 -1 1 -2
-1 3 -1 4
13 4 14 4
8 13 8 12
-3 -4 -4 -4
3 5 4 5
14 3 14 4
4 4 4 3
14 1 14 0
3 0 4 0
0 -2 1 -2
13 7 13 6
5 13 5 14
1 -3 1 -2
0 0 -1 0
4 14 4 15
10 -1 9 -1
1 14 1 13
10 8 9 8
15 -1 15 0
8 7 7 7
-4 8 -3 8
0 4 0 5
3 2 2 2
10 9 10 10
13 13 13 12
1 -1 1 0
-4 11 -4 12
5 1 4 1
-5 2 -5 1
7 -5 7 -4
0 14 -1 14
8 1 9 1
1 8 2 8
6 4 5 4
3 10 3 9
-4 10 -3 10
12 -1 11 -1
6 11 5 11
11 2 10 2
3 -3 3 -2
4 10 4 9
14 9 14 8
-1 -1 -2 -1
9 -4 9 -3
-1 12 0 12
-2 9 -2 10
8 13 9 13
-3 5 -3 6
15 9 15 10
10 -5 10 -4
10 5 10 6
0 8 1 8
5 15 6 15
-2 4 -2 3
15 5 15 6
3 -3 2 -3
-3 14 -3 13
14 -4 15 -4
6 8 6 9
10 4 9 4
2 2 2 1
-3 5 -4 5
-1 4 -2 4
12 0 12 1
13 8 14 8
13 -1 12 -1
6 6 5 6
-2 -2 -2 -1
13 8 13 9
-1 7 0 7
15 -2 14 -2
10 13 9 13
6 8 6 7
-5 12 -5 11
5 14 4 14
-2 13 -2 12
-3 1 -2 1
3 3 4 3
6 -3 7 -3
7 5 8 5
9 15 8 15
13 -1 13 0
3 -4 4 -4
4 6 4 7
8 -1 9 -1
14 7 14 6
3 -1 4 -1
13 14 13 13
5 2 6 2
6 7 7 7
7 2 8 2
0 4 -1 4
2 -3 2 -2
12 9 13 9
2 8 2 7
-3 -4 -3 -3
3 8 3 9
-1 6 0 6
-2 12 -1 12
5 8 5 7
5 0 5 1
5 5 5 6
-2 2 -2 1
2 13 1 13
11 6 11 5
3 9 4 9
5 1 6 1
5 12 5 11
3 12 3 11
12 6 12 7
3 11 4 11
-2 10 -1 10
12 15 12 14
10 10 10 11
-3 8 -2 8
7 13 7 12
10 14 11 14
11 -4 11 -5
0 15 0 14
5 3 6 3
6 4 6 5
9 12 10 12
6 10 5 10
13 0 14 0
-3 13 -4 13
10 -2 9 -2
14 1 13 1
12 -5 13 -5
-4 14 -4 13
5 10 5 9
-5 2 -5 3
-2 9 -2 8
12 9 12 8
7 10 7 11
13 9 13 10
-5 9 -4 9
8 9 7 9
-4 -5 -5 -5
6 -1 6 -2
-5 4 -5 5
8 0 8 -1
14 3 14 2
-1 -2 0 -2
0 15 1 15
0 13 0 12
-3 10 -3 9
9 -1 9 -2
-4 10 -5 10
9 15 10 15
1 -3 0 -3
1 1 1 0
10 5 11 5
14 9 14 10
10 7 10 6
0 0 0 -1
11 1 10 1
15 14 15 15
13 3 13 4
1 10 1 11
3 15 2 15
2 4 2 3
-2 -3 -2 -4
13 11 13 12
-2 11 -3 11
2 14 1 14
-3 15 -2 15
-2 -5 -3 -5
-1 12 -1 11
-2 8 -2 7
9 8 9 7
9 11 8 11
7 11 6 11
0 8 0 9
0 3 0 4
12 -2 13 -2
11 13 10 13
13 3 13 2
0 8 0 7
14 -3 15 -3
9 5 9 6
5 4 5 5
13 -4 13 -3
-4 12 -4 13
9 7 9 6
12 7 12 8
13 -5 14 -5
12 6 13 6
6 9 7 9
1 11 1 12
14 12 15 12
13 15 14 15
11 -1 11 0
-5 -4 -4 -4
15 0 15 1
8 10 8 11
0 7 0 6
4 11 5 11
9 6 8 6
2 7 2 6
14 -3 14 -4
8 3 8 2
9 4 8 4
15 -1 15 -2
5 -2 5 -1
2 -2 1 -2
6 2 6 1
2 9 2 8
15 11 15 12
-5 7 -4 7
2 5 3 5
3 1 4 1
-3 3 -4 3
6 15 7 15
9 5 9 4
-1 -5 -2 -5
1 -1 0 -1
0 2 0 1
4 -5 5 -5
-3 7 -2 7
5 3 5 4
7 4 7 3
7 0 8 0
4 5 4 6
4 12 5 12
15 7 15 8
14 -3 13 -3
9 -5 9 -4
1 5 1 6
9 3 9 2
5 3 5 2
-3 7 -3 6
3 13 3 12
15 10 14 10
14 5 14 6
-1 3 -1 2
-5 5 -4 5
-2 4 -2 5
2 5 1 5
10 -4 11 -4
-5 -2 -5 -3
7 1 6 1
3 12 2 12
7 14 8 14
3 -2 2 -2
2 14 2 15
8 10 7 10
5 2 5 1
-5 13 -5 12
13 15 12 15
13 -5 13 -4
4 -2 4 -3
9 0 8 0
6 14 6 13
7 14 6 14
-1 5 -1 4
7 2 7 1
5 14 6 14
-1 -4 -1 -5
14 14 14 15
3 0 2 0
0 -3 -1 -3
5 15 4 15
-3 4 -2 4
13 2 12 2
1 9 2 9
13 6 14 6
-4 15 -3 15
9 -2 8 -2
7 13 7 14
13 10 13 11
9 11 10 11
8 1 8 2
-5 0 -5 -1
5 13 5 12
-3 -2 -3 -1
6 5 7 5
-1 9 -2 9
5 13 6 13
3 3 3 4
3 8 3 7
2 11 2 12
5 -3 5 -4
10 3 9 3
14 5 13 5
1 2 1 3
8 4 8 5
3 14 2 14
-4 -2 -5 -2
3 -1 3 -2
3 12 4 12
-3 0 -3 1
15 -5 14 -5
15 -2 15 -3
11 10 11 9
11 11 12 11
3 6 3 5
0 11 -1 11
7 8 6 8
15 -3 15 -4
-3 3 -2 3
11 4 11 3
9 7 10 7
-3 -1 -2 -1
12 5 12 4
6 6 6 7
-2 11 -2 12
3 14 4 14
10 -3 10 -4
5 -2 6 -2
7 6 7 7
15 -4 15 -5
-4 0 -3 0
1 15 2 15
14 12 14 11
1 14 1 15
9 -4 8 -4
0 -5 0 -4
6 15 6 14
13 -2 14 -2
-3 1 -3 2
12 -2 11 -2
9 10 8 10
3 14 3 15
10 9 9 9
-4 6 -4 7
-2 3 -1 3
-1 7 -1 8
2 -2 2 -1
-5 11 -5 10
11 -4 11 -3
1 -4 0 -4
4 7 5 7
12 0 11 0
-3 2 -2 2
13 4 13 5
12 -5 11 -5
6 -5 5 -5
5 -3 6 -3
0 15 -1 15
15 15 14 15
4 13 5 13
-5 3 -4 3
6 0 6 -1
15 4 14 4
8 13 8 14
14 9 13 9
8 -1 8 -2
10 9 11 9
9 14 8 14
-1 -2 -1 -3
-5 8 -5 9
-4 -1 -4 0
3 4 2 4
1 6 1 7
-3 -3 -2 -3
13 11 14 11
2 3 3 3
4 8 5 8
1 -4 1 -5
-1 11 -1 10
8 13 7 13
9 11 9 10
11 11 11 10
-4 -2 -3 -2
-3 6 -4 6
13 10 14 10
1 -3 2 -3
4 8 4 7
6 10 6 9
7 2 7 3
6 9 5 9
11 15 10 15
14 13 14 12
3 14 3 13
10 9 10 8
-5 2 -4 2
2 9 3 9
9 6 10 6
6 0 5 0
8 4 7 4
0 12 1 12
-4 -4 -4 -3
3 4 3 5
-4 14 -5 14
0 13 1 13
-1 1 0 1
11 8 11 9
10 12 10 13
11 12 11 13
-1 7 -2 7
-1 -3 -2 -3
7 9 7 10
1 12 2 12
12 13 11 13
5 -5 5 -4
2 6 3 6
1 -5 0 -5
10 0 9 0
4 7 3 7
-3 14 -2 14
6 -4 7 -4
-1 13 0 13
3 -5 4 -5
1 2 1 1
4 -3 3 -3
4 8 4 9
3 10 2 10
3 11 2 11
14 -4 14 -5
-3 2 -3 3
-5 12 -4 12
-3 15 -3 14
-1 6 -2 6
3 8 2 8
3 -3 3 -4
-5 6 -4 6
-2 0 -1 0
4 14 4 13
0 12 0 11
12 -4 12 -3
-3 -1 -4 -1
15 0 14 0
5 2 4 2
12 10 11 10
12 13 13 13
-3 7 -4 7
4 -2 4 -1
7 -2 8 -2
9 -3 9 -2
2 -1 1 -1
-5 8 -4 8
14 13 13 13
3 2 4 2
13 3 12 3
-4 -3 -4 -2
11 -3 11 -2
11 13 11 14
11 6 12 6
9 -1 9 0
7 -1 6 -1
-1 10 -1 9
-4 8 -4 7
14 7 14 8
-5 4 -4 4
1 7 0 7
1 -5 2 -5
10 7 10 8
2 3 1 3
14 6 15 6
-2 10 -2 11
0 6 1 6
5 0 5 -1
2 3 2 2
9 10 9 9
7 12 7 11
-1 8 0 8
10 12 11 12
4 -1 5 -1
10 10 9 10
15 1 14 1
-4 1 -4 0
10 -5 9 -5
10 -1 10 -2
1 5 1 4
11 12 11 11
2 -1 3 -1
2 9 2 10
15 14 14 14
2 10 1 10
10 2 10 1
5 -1 6 -1
11 2 11 1
8 8 8 9
8 10 8 9
7 8 7 7
7 -3 7 -2
7 14 7 15
-4 10 -4 11
13 0 12 0
3 10 4 10
2 -3 2 -4
-3 -4 -2 -4
14 5 14 4
1 9 1 8
1 12 1 13
7 15 8 15
10 -4 9 -4
-1 7 -1 6
1 3 0 3
9 0 9 1
-4 9 -4 10
11 7 10 7
179 178 178 178
218 218 219 218
163 162 162 162
195 195 195 194
321 321 322 321
130 129 129 129
395 395 396 395
12 11 12 12
370 370 371 370
327 326 327 327
290 289 289 289
6 5 6 6
198 198 198 197
84 84 84 83
364 364 364 363
273 273 273 272
141 141 142 141
82 81 81 81
384 383 383 383
119 119 119 118
299 298 298 298
170 169 169 169
17 16 17 17
102 102 103 102
297 297 298 297
409 409 410 409
198 197 197 197
352 352 353 352
201 201 201 200
61 60 60 60
382 382 382 381
302 302 303 302
380 380 381 380
113 112 113 113
328 327 328 328
102 101 101 101
97 97 98 97
346 346 346 345
382 381 381 381
167 166 167 167
6 6 7 6
136 135 135 135
48 48 49 48
213 212 212 212
262 262 263 262
325 324 324 324
267 267 267 266
241 240 240 240
248 247 247 247
109 109 110 109
41 41 42 41
140 140 140 139
97 96 96 96
237 237 238 237
413 413 414 413
299 299 299 298
294 293 294 294
71 70 70 70
40 40 41 40
122 122 122 121
22 22 23 22
397 396 396 396
168 167 168 168
15 14 14 14
311 311 311 310
264 264 265 264
33 33 33 32
285 285 286 285
137 137 137 136
365 364 364 364
216 215 216 216
203 203 204 203
74 74 75 74
416 416 416 415
8 8 9 8
201 200 200 200
121 120 121 121
192 192 192 191
66 65 65 65
32 32 32 31
316 315 315 315
298 298 298 297
209 208 208 208
230 229 230 230
307 307 307 306
372 371 371 371
403 403 403 402
249 249 249 248
196 196 196 195
393 392 392 392
176 175 176 176
380 379 380 380
420 420 420 419
62 62 63 62
250 249 250 250
168 167 167 167
353 352 353 353
287 286 287 287
251 251 251 250
263 263 263 262
108 107 107 107
190 190 190 189
262 261 262 262
319 319 319 318
83 82 83 83
288 288 288 287
198 198 199 198
301 301 301 300
233 232 233 233
205 205 205 204
407 407 408 407
354 353 354 354
313 312 312 312
132 131 132 132
223 222 222 222
357 356 357 357
17 17 18 17
77 76 76 76
201 201 202 201
293 293 293 292
141 140 140 140
204 204 204 203
127 127 127 126
114 114 115 114
82 82 82 81
95 94 95 95
20 20 21 20
400 399 400 400
172 171 172 172
160 160 160 159
326 325 325 325
249 248 248 248
361 361 361 360
329 328 328 328
127 126 126 126
347 346 347 347
69 69 69 68
57 57 58 57
239 238 239 239
185 185 185 184
361 361 362 361
391 390 391 391
90 89 90 90
73 73 74 73
383 383 383 382
53 52 52 52
283 282 282 282
174 174 175 174
21 21 21 20
256 256 257 256
63 62 63 63
413 413 413 412
253 252 253 253
167 166 166 166
142 142 143 142
13 12 12 12
295 294 294 294
116 116 117 116
287 286 286 286
54 53 54 54
357 356 356 356
183 183 184 183
243 243 244 243
368 367 367 367
178 177 177 177
205 204 204 204
399 398 399 399
30 30 30 29
332 331 331 331
374 374 374 373
266 265 265 265
316 315 316 316
355 354 355 355
314 314 314 313
360 360 360 359
226 226 227 226
177 177 177 176
288 288 289 288
312 311 311 311
209 209 210 209
225 225 225 224
59 58 59 59
161 161 162 161
321 320 321 321
323 323 324 323
215 214 214 214
324 323 324 324
50 49 50 50
144 144 145 144
191 191 191 190
146 146 147 146
272 271 272 272
376 376 377 376
136 136 137 136
206 206 206 205
281 280 281 281
161 160 160 160
8 8 8 7
26 25 25 25
306 305 305 305
138 137 138 138
389 388 389 389
123 122 123 123
385 385 385 384
269 268 268 268
410 410 411 410
270 269 270 270
420 419 419 419
350 349 350 350
297 296 296 296
217 216 217 217
106 106 106 105
238 238 239 238
419 418 418 418
171 171 171 170
87 86 87 87
335 334 335 335
266 265 266 266
207 206 206 206
378 377 377 377
348 348 349 348
254 254 254 253
206 205 205 205
340 340 341 340
182 182 182 181
415 415 416 415
362 362 363 362
322 322 323 322
88 87 88 88
354 354 355 354
26 26 27 26
139 138 139 139
161 161 161 160
92 92 93 92
303 302 303 303
126 125 126 126
337 336 336 336
26 26 26 25
125 125 126 125
268 268 268 267
166 165 166 166
119 118 118 118
369 369 369 368
290 289 290 290
402 401 402 402
46 46 47 46
312 311 312 312
121 120 120 120
412 411 412 412
55 55 56 55
415 414 414 414
277 276 276 276
335 335 336 335
139 138 138 138
383 382 382 382
190 189 189 189
160 159 159 159
368 368 368 367
193 193 193 192
394 394 395 394
112 112 112 111
4 4 5 4
187 186 187 187
152 151 152 152
333 332 333 333
37 36 36 36
43 43 43 42
379 378 378 378
264 264 264 263
401 400 400 400
141 140 141 141
389 388 388 388
154 154 154 153
169 168 168 168
114 114 114 113
226 225 225 225
390 389 390 390
351 350 350 350
314 314 315 314
367 366 367 367
20 20 20 19
67 66 67 67
418 418 418 417
231 230 230 230
235 235 235 234
261 260 261 261
210 210 211 210
330 329 330 330
133 132 132 132
278 278 279 278
150 150 150 149
272 272 273 272
400 399 399 399
215 215 216 215
35 35 36 35
220 220 221 220
194 194 195 194
62 61 62 62
368 368 369 368
193 192 192 192
47 47 47 46
147 147 147 146
413 412 412 412
97 97 97 96
342 341 341 341
111 110 110 110
155 154 154 154
200 199 199 199
346 346 347 346
283 282 283 283
179 179 180 179
51 51 51 50
315 314 315 315
345 345 346 345
175 175 175 174
19 18 19 19
261 261 262 261
294 293 293 293
208 207 207 207
99 99 99 98
132 131 131 131
356 355 355 355
92 91 92 92
152 152 153 152
1 1 1 0
66 65 66 66
311 310 310 310
297 296 297 297
385 384 384 384
41 40 41 41
227 226 227 227
353 353 354 353
386 385 386 386
405 404 404 404
50 49 49 49
306 306 307 306
329 329 330 329
15 14 15 15
109 108 109 109
319 319 320 319
341 341 341 340
318 317 317 317
407 406 406 406
259 259 259 258
263 263 264 263
339 339 339 338
197 196 197 197
291 290 290 290
364 363 363 363
301 300 300 300
177 176 176 176
34 33 33 33
28 27 27 27
411 411 411 410
9 9 10 9
57 57 57 56
195 195 196 195
130 130 130 129
111 111 111 110
28 28 28 27
74 73 74 74
117 117 117 116
94 93 93 93
218 218 218 217
282 281 281 281
140 139 139 139
188 187 188 188
127 127 128 127
269 269 269 268
360 360 361 360
200 199 200 200
96 96 96 95
299 299 300 299
25 25 25 24
403 402 402 402
242 242 243 242
303 303 304 303
250 249 249 249
122 122 123 122
30 29 29 29
181 181 182 181
232 231 231 231
194 194 194 193
81 80 81 81
393 393 393 392
10 9 10 10
49 48 49 49
145 145 145 144
116 115 115 115
27 27 27 26
358 357 357 357
175 175 176 175
320 320 321 320
134 134 134 133
248 248 248 247
187 187 188 187
325 325 325 324
320 319 320 320
211 211 211 210
4 3 3 3
113 112 112 112
318 317 318 318
218 217 217 217
234 234 235 234
251 250 250 250
387 386 387 387
260 259 260 260
209 208 209 209
7 7 7 6
38 38 38 37
271 270 270 270
98 98 98 97
356 355 356 356
174 174 174 173
64 64 64 63
189 189 189 188
56 55 56 56
234 233 233 233
256 256 256 255
257 257 257 256
390 389 389 389
73 72 73 73
143 142 143 143
87 87 88 87
342 342 343 342
48 47 48 48
95 95 96 95
61 60 61 61
125 124 124 124
309 309 309 308
279 279 279 278
30 30 31 30
415 414 415 415
394 393 393 393
10 10 11 10
359 358 359 359
58 57 58 58
280 280 280 279
405 405 405 404
223 223 223 222
240 239 240 240
114 113 113 113
238 238 238 237
173 173 173 172
146 145 145 145
155 154 155 155
376 376 376 375
295 295 295 294
212 212 212 211
3 3 3 2
79 78 79 79
29 29 29 28
310 310 310 309
180 179 180 180
246 246 246 245
334 333 333 333
165 164 164 164
148 147 148 148
158 157 158 158
269 269 270 269
386 386 387 386
129 128 129 129
222 221 222 222
274 274 274 273
277 276 277 277
229 228 229 229
267 267 268 267
358 358 358 357
289 289 289 288
258 257 258 258
397 396 397 397
340 339 340 340
417 417 417 416
404 404 404 403
396 395 396 396
285 285 285 284
67 66 66 66
235 235 236 235
13 13 14 13
102 102 102 101
398 398 398 397
186 185 186 186
16 16 16 15
373 372 373 373
65 65 65 64
326 326 327 326
135 134 134 134
14 14 14 13
348 348 348 347
31 30 31 31
101 100 100 100
277 277 278 277
273 273 274 273
128 127 128 128
37 37 38 37
255 255 256 255
372 371 372 372
288 287 287 287
347 347 348 347
323 322 323 323
280 279 279 279
271 270 271 271
345 344 345 345
310 309 309 309
153 153 154 153
91 91 92 91
120 120 120 119
365 365 366 365
416 416 417 416
105 104 105 105
46 46 46 45
166 165 165 165
331 330 331 331
23 23 24 23
302 302 302 301
254 254 255 254
80 80 81 80
207 207 207 206
163 163 164 163
51 50 50 50
378 377 378 378
91 91 91 90
375 375 376 375
180 180 181 180
121 121 122 121
128 128 129 128
308 307 307 307
208 208 208 207
221 221 222 221
251 251 252 251
162 161 162 162
157 156 156 156
296 295 296 296
53 53 54 53
336 336 336 335
84 83 83 83
365 364 365 365
123 123 124 123
227 227 228 227
316 316 317 316
44 43 44 44
406 406 406 405
332 332 332 331
42 42 42 41
418 417 417 417
406 405 405 405
401 401 401 400
79 78 78 78
308 307 308 308
39 38 39 39
152 151 151 151
4 4 4 3
18 17 18 18
377 377 377 376
52 51 52 52
118 117 118 118
374 373 373 373
89 89 90 89
157 157 158 157
291 290 291 291
159 158 159 159
103 102 103 103
313 312 313 313
103 103 104 103
148 147 147 147
116 116 116 115
253 253 254 253
23 22 23 23
19 19 20 19
146 146 146 145
397 397 398 397
228 228 228 227
379 379 380 379
86 86 86 85
410 410 410 409
193 193 194 193
100 100 100 99
319 318 318 318
286 285 286 286
237 237 237 236
306 305 306 306
214 213 213 213
40 39 39 39
392 391 392 392
266 266 267 266
115 115 115 114
233 232 232 232
86 85 85 85
284 283 283 283
260 259 259 259
43 43 44 43
326 326 326 325
71 71 72 71
408 407 408 408
165 165 165 164
22 21 21 21
373 372 372 372
65 64 64 64
379 379 379 378
219 219 219 218
181 181 181 180
125 125 125 124
60 59 60 60
215 214 215 215
229 228 228 228
13 12 13 13
39 38 38 38
75 75 75 74
107 106 107 107
243 242 243 243
335 334 334 334
72 72 72 71
217 216 216 216
384 384 384 383
236 236 236 235
151 150 150 150
164 164 164 163
407 406 407 407
95 94 94 94
55 54 55 55
224 224 225 224
182 182 183 182
285 284 284 284
117 117 118 117
344 344 344 343
241 241 242 241
25 24 24 24
221 220 221 221
32 32 33 32
6 5 5 5
220 219 220 220
260 260 261 260
108 107 108 108
191 191 192 191
89 88 89 89
272 271 271 271
275 274 275 275
419 418 419 419
369 369 370 369
158 158 159 158
16 15 15 15
322 321 322 322
150 149 149 149
110 110 110 109
24 24 24 23
404 403 403 403
253 252 252 252
245 244 244 244
85 84 85 85
343 343 343 342
300 300 300 299
71 70 71 71
119 119 120 119
179 178 179 179
292 292 293 292
171 170 170 170
394 393 394 394
173 172 172 172
188 188 189 188
76 75 76 76
360 359 359 359
247 247 247 246
32 31 31 31
68 68 68 67
94 93 94 94
385 385 386 385
409 409 409 408
212 211 211 211
351 351 351 350
12 11 11 11
240 239 239 239
51 51 52 51
34 34 35 34
388 387 387 387
47 47 48 47
214 213 214 214
149 148 149 149
246 245 245 245
112 111 111 111
133 133 134 133
367 366 366 366
234 234 234 233
231 231 231 230
149 148 148 148
226 226 226 225
101 100 101 101
45 45 45 44
366 365 366 366
46 45 45 45
258 258 259 258
131 130 131 131
313 313 314 313
58 58 59 58
337 336 337 337
157 156 157 157
28 28 29 28
210 209 210 210
185 185 186 185
170 169 170 170
80 79 79 79
156 155 156 156
229 229 230 229
142 141 142 142
232 232 232 231
332 332 333 332
90 90 91 90
329 329 329 328
77 77 78 77
202 202 202 201
196 196 197 196
327 327 328 327
375 374 375 375
331 330 330 330
163 162 163 163
73 72 72 72
282 281 282 282
35 35 35 34
302 301 301 301
8 7 7 7
342 342 342 341
350 349 349 349
401 401 402 401
70 69 69 69
9 9 9 8
265 264 265 265
275 274 274 274
391 390 390 390
169 169 169 168
19 18 18 18
137 137 138 137
414 414 414 413
133 133 133 132
105 104 104 104
296 295 295 295
292 292 292 291
349 348 349 349
2 1 2 2
334 333 334 334
144 143 144 144
190 190 191 190
246 246 247 246
100 99 99 99
45 44 44 44
183 182 183 183
258 257 257 257
370 370 370 369
42 42 43 42
36 35 36 36
203 202 202 202
219 219 220 219
84 84 85 84
186 186 187 186
345 344 344 344
56 56 57 56
105 105 106 105
83 82 82 82
276 276 276 275
391 391 392 391
213 212 213 213
178 177 178 178
284 284 284 283
352 351 351 351
124 124 124 123
37 36 37 37
338 337 338 338
252 252 252 251
78 77 78 78
70 69 70 70
136 135 136 136
203 202 203 203
409 408 408 408
343 343 344 343
223 223 224 223
308 308 309 308
59 59 60 59
40 40 40 39
338 338 339 338
363 363 363 362
93 92 93 93
172 171 171 171
278 277 278 278
64 63 63 63
362 362 362 361
412 411 411 411
241 241 241 240
292 291 291 291
2 1 1 1
304 304 304 303
245 244 245 245
80 79 80 80
155 155 156 155
5 4 5 5
174 173 173 173
89 88 88 88
280 280 281 280
237 236 236 236
153 152 153 153
255 255 255 254
374 374 375 374
381 381 381 380
17 16 16 16
22 22 22 21
388 388 388 387
305 304 305 305
75 75 76 75
371 370 371 371
87 86 86 86
0 0 1 0
337 337 338 337
135 135 135 134
107 106 106 106
34 33 34 34
244 244 244 243
3 2 2 2
224 223 224 224
395 394 395 395
242 242 242 241
130 130 131 130
339 339 340 339
77 77 77 76
199 198 199 199
151 151 151 150
53 52 53 53
317 317 317 316
184 184 185 184
99 98 98 98
62 61 61 61
143 143 144 143
11 11 11 10
68 68 69 68
184 184 184 183
359 358 358 358
55 54 54 54
275 275 276 275
398 398 399 398
352 351 352 352
68 67 67 67
109 108 108 108
305 304 304 304
104 104 104 103
